KNI A/S	Lagersted og varenummer statistik	17-04-2009	10:52:07	Side 1	xllu
Varenummer	Varenavn	Antal	Omsætning	Kostbeløb	DB
Varenummer	Antal	Omsætning	Kostbeløb	Regulering	Økonomisk kostbeløb
1956001	-960,00	-12.729,60	-13.692,38	0,00	-13.692,38
1956001	-20,00	-265,20	-281,81	0,00	-281,81
1956001	-2.880,00	-38.188,80	-40.576,70	0,00	-40.576,70
1956001	-960,00	-12.729,60	-13.525,56	0,00	-13.525,56
1956001	-1.920,00	-25.459,20	-27.051,13	0,00	-27.051,13
1956001	-240,00	-3.182,40	-3.381,39	0,00	-3.381,39
1956001	-60,00	-795,60	-845,35	0,00	-845,35
1956001	-960,00	-12.729,60	-13.525,57	0,00	-13.525,57
1956001	-960,00	-12.729,60	-13.525,56	0,00	-13.525,56
1956001	-960,00	-12.729,60	-13.518,58	0,00	-13.518,58
1956001	-960,00	-12.729,60	-13.518,58	0,00	-13.518,58
1956001	-960,00	-12.729,60	-13.518,58	0,00	-13.518,58
1956001	-960,00	-12.729,60	-13.518,58	0,00	-13.518,58
1956001	-960,00	-12.729,60	-13.518,58	0,00	-13.518,58
1956001	-1.920,00	-25.459,20	-27.037,15	0,00	-27.037,15
1956001	-2.880,00	-38.188,80	-40.555,73	0,00	-40.555,73
1956001	-960,00	-12.729,60	-13.518,58	0,00	-13.518,58
1956001	-1.920,00	-25.459,20	-27.037,15	0,00	-27.037,15
1956001	-960,00	-12.729,60	-13.518,58	0,00	-13.518,58
1956001	-960,00	-12.729,60	-13.518,58	0,00	-13.518,58
1956001	-100,00	-1.326,00	-1.408,18	0,00	-1.408,18
1956001	-60,00	-795,60	-843,63	0,00	-843,63
1956001	-20,00	-265,20	-281,21	0,00	-281,21
1956001	-960,00	-12.729,60	-11.654,40	0,00	-11.654,40
1956001	-960,00	-12.729,60	-11.654,40	0,00	-11.654,40
1956001	-960,00	-12.729,60	-11.654,40	0,00	-11.654,40
1956001	-960,00	-12.729,60	-11.654,40	0,00	-11.654,40
1956001	-960,00	-12.729,60	-11.654,40	0,00	-11.654,40
1956001	-960,00	-12.729,60	-11.654,40	0,00	-11.654,40
1956001	-1.920,00	-25.459,20	-23.308,80	0,00	-23.308,80
1956001	-1.920,00	-25.459,20	-23.308,80	0,00	-23.308,80
1956001	-960,00	-12.729,60	-11.654,40	0,00	-11.654,40
1956001	-2.880,00	-38.188,80	-40.224,56	0,00	-40.224,56
1956001	-960,00	-12.729,60	-13.408,14	0,00	-13.408,14
1956001	-200,00	-2.652,00	-2.793,36	0,00	-2.793,36
1956001	-520,00	-6.895,20	-7.262,74	0,00	-7.262,74
1956001	-100,00	-1.326,00	-1.396,68	0,00	-1.396,68
1956001	-480,00	-6.364,80	-6.703,87	0,00	-6.703,87
1956001	-200,00	-2.652,00	-2.792,76	0,00	-2.792,76
1956001	-80,00	-1.060,80	-1.117,11	0,00	-1.117,11
1956001	-20,00	-265,20	-279,16	0,00	-279,16
1956001	-800,00	-10.608,00	-11.166,18	0,00	-11.166,18
1956001	-60,00	-795,60	-836,83	0,00	-836,83
1956001	-960,00	-12.729,60	-13.369,27	0,00	-13.369,27
1956001	-120,00	-1.591,20	-1.671,16	0,00	-1.671,16
1956001	-80,00	-1.060,80	-1.114,11	0,00	-1.114,11
1956001	-480,00	-6.364,80	-6.684,64	0,00	-6.684,64
KNI A/S	Lagersted og varenummer statistik	17-04-2009	10:52:07	Side 2	xllu
Varenummer	Varenavn	Antal	Omsætning	Kostbeløb	DB
Varenummer	Antal	Omsætning	Kostbeløb	Regulering	Økonomisk kostbeløb
1956001	-160,00	-2.121,60	-2.227,36	0,00	-2.227,36
1956001	-960,00	-12.729,60	-13.359,13	0,00	-13.359,13
1956001	-960,00	-12.729,60	-13.355,34	0,00	-13.355,34
1956001	-1.920,00	-25.459,20	-26.710,68	0,00	-26.710,68
1956001	-1.920,00	-25.459,20	-26.710,68	0,00	-26.710,68
1956001	-960,00	-12.729,60	-13.355,34	0,00	-13.355,34
1956001	-960,00	-12.729,60	-13.355,34	0,00	-13.355,34
1956001	-960,00	-12.729,60	-13.355,06	0,00	-13.355,06
1956001	-960,00	-12.729,60	-13.355,06	0,00	-13.355,06
1956001	-960,00	-12.729,60	-13.355,06	0,00	-13.355,06
1956001	-960,00	-12.729,60	-13.355,06	0,00	-13.355,06
1956001	-1.920,00	-25.459,20	-26.710,12	0,00	-26.710,12
1956001	-720,00	-9.547,20	-10.016,29	0,00	-10.016,29
1956001	-20,00	-265,20	-278,21	0,00	-278,21
1956001	-480,00	-6.364,80	-6.676,95	0,00	-6.676,95
1956001	-960,00	-12.729,60	-13.351,73	0,00	-13.351,73
1956001	-960,00	-12.729,60	-13.351,73	0,00	-13.351,73
1956001	-960,00	-12.729,60	-13.351,73	0,00	-13.351,73
1956001	-960,00	-12.729,60	-13.351,73	0,00	-13.351,73
1956001	-20,00	-265,20	-278,15	0,00	-278,15
1956001	-20,00	-265,20	-278,15	0,00	-278,15
1956001	-20,00	-265,20	-278,14	0,00	-278,14
1956001	-300,00	-3.978,00	-4.172,04	0,00	-4.172,04
1956001	-720,00	-9.547,20	-9.337,44	0,00	-9.337,44
1956001	-2.880,00	-38.188,80	-37.349,77	0,00	-37.349,77
1956001	-960,00	-12.729,60	-12.449,92	0,00	-12.449,92
1956001	-960,00	-12.729,60	-12.449,92	0,00	-12.449,92
1956001	-1.920,00	-25.459,20	-24.899,85	0,00	-24.899,85
1956001	-960,00	-12.729,60	-12.449,92	0,00	-12.449,92
1956001	-960,00	-12.729,60	-12.449,92	0,00	-12.449,92
1956001	-80,00	-1.060,80	-1.037,49	0,00	-1.037,49
1956001	-960,00	-12.729,60	-12.449,92	0,00	-12.449,92
1956001	-960,00	-12.729,60	-12.418,16	0,00	-12.418,16
1956001	-3.840,00	-50.918,40	-49.672,50	0,00	-49.672,50
1956001	-40,00	-530,40	-517,42	0,00	-517,42
1956001	-100,00	-1.326,00	-1.293,55	0,00	-1.293,55
1956001	-100,00	-1.326,00	-1.293,55	0,00	-1.293,55
1956001	-100,00	-1.326,00	-1.293,55	0,00	-1.293,55
1956001	-1.920,00	-25.459,20	-28.619,31	0,00	-28.619,31
1956001	-960,00	-12.729,60	-14.309,65	0,00	-14.309,65
1956001	-720,00	-9.547,20	-10.732,24	0,00	-10.732,24
1956001	-720,00	-9.547,20	-10.731,18	0,00	-10.731,18
1956001	-1.920,00	-25.459,20	-28.616,38	0,00	-28.616,38
1956001	-960,00	-12.729,60	-14.308,19	0,00	-14.308,19
1956001	-960,00	-12.729,60	-14.308,19	0,00	-14.308,19
1956001	-960,00	-12.729,60	-14.308,19	0,00	-14.308,19
1956001	-960,00	-12.729,60	-14.308,19	0,00	-14.308,19
KNI A/S	Lagersted og varenummer statistik	17-04-2009	10:52:07	Side 3	xllu
Varenummer	Varenavn	Antal	Omsætning	Kostbeløb	DB
Varenummer	Antal	Omsætning	Kostbeløb	Regulering	Økonomisk kostbeløb
1956001	-960,00	-12.729,60	-14.308,19	0,00	-14.308,19
1956001	-960,00	-12.729,60	-14.308,19	0,00	-14.308,19
1956001	-2.880,00	-38.188,80	-42.924,58	0,00	-42.924,58
1956001	-960,00	-12.729,60	-14.308,19	0,00	-14.308,19
1956001	-960,00	-12.729,60	-14.308,19	0,00	-14.308,19
1956001	-960,00	-12.729,60	-14.303,94	0,00	-14.303,94
1956001	-100,00	-1.326,00	-1.489,25	0,00	-1.489,25
1956001	-200,00	-2.652,00	-2.975,52	0,00	-2.975,52
1956001	-40,00	-530,40	-595,10	0,00	-595,10
1956001	-60,00	-795,60	-892,66	0,00	-892,66
1956001	-960,00	-12.729,60	-14.282,49	0,00	-14.282,49
1956001	-960,00	-12.729,60	-14.282,49	0,00	-14.282,49
1956001	-960,00	-12.729,60	-14.282,49	0,00	-14.282,49
1956001	-1.920,00	-25.459,20	-28.564,97	0,00	-28.564,97
1956001	-960,00	-12.729,60	-14.282,49	0,00	-14.282,49
1956001	-2.880,00	-38.188,80	-42.847,46	0,00	-42.847,46
1956001	-960,00	-12.729,60	-14.282,49	0,00	-14.282,49
1956001	-1.920,00	-25.459,20	-26.273,69	0,00	-26.273,69
1956001	-2.880,00	-38.188,80	-39.410,53	0,00	-39.410,53
1956001	-960,00	-12.729,60	-13.136,84	0,00	-13.136,84
1956001	-1.950,00	-25.857,00	-26.684,21	0,00	-26.684,21
1956001	-140,00	-1.856,40	-1.915,79	0,00	-1.915,79
1956001	-120,00	-1.591,20	-1.642,11	0,00	-1.642,11
1956001	-60,00	-795,60	-821,05	0,00	-821,05
1956001	-960,00	-12.729,60	-11.654,40	0,00	-11.654,40
1956001	-600,00	-7.956,00	-7.284,00	0,00	-7.284,00
1956001	-720,00	-9.547,20	-8.740,80	0,00	-8.740,80
1956001	-20,00	-265,20	-242,80	0,00	-242,80
1956001	-140,00	-1.856,40	-2.216,10	0,00	-2.216,10
1956001	-40,00	-530,40	-633,17	0,00	-633,17
1956001	-960,00	-12.729,60	-15.188,82	0,00	-15.188,82
1956001	-1.920,00	-25.459,20	-30.377,64	0,00	-30.377,64
1956001	-1.920,00	-25.459,20	-30.377,64	0,00	-30.377,64
1956001	-960,00	-12.729,60	-15.188,82	0,00	-15.188,82
1956001	-960,00	-12.729,60	-15.188,82	0,00	-15.188,82
1956001	-960,00	-12.729,60	-15.188,82	0,00	-15.188,82
1956001	-960,00	-12.729,60	-15.188,82	0,00	-15.188,82
1956001	-1.920,00	-25.459,20	-30.377,64	0,00	-30.377,64
1956001	-960,00	-12.729,60	-15.188,82	0,00	-15.188,82
1956001	-960,00	-12.729,60	-15.188,82	0,00	-15.188,82
1956001	-780,00	-10.342,80	-13.115,27	0,00	-13.115,27
1956001	-960,00	-12.729,60	-16.040,90	0,00	-16.040,90
1956001	-240,00	-3.182,40	-4.000,74	0,00	-4.000,74
1956001	-200,00	-2.652,00	-3.333,95	0,00	-3.333,95
1956001	-480,00	-6.364,80	-8.001,48	0,00	-8.001,48
1956001	-960,00	-12.729,60	-16.002,96	0,00	-16.002,96
1956001	-1.920,00	-25.459,20	-32.005,91	0,00	-32.005,91
KNI A/S	Lagersted og varenummer statistik	17-04-2009	10:52:07	Side 4	xllu
Varenummer	Varenavn	Antal	Omsætning	Kostbeløb	DB
Varenummer	Antal	Omsætning	Kostbeløb	Regulering	Økonomisk kostbeløb
1956001	-960,00	-12.729,60	-16.002,96	0,00	-16.002,96
1956001	40,00	530,40	485,60	0,00	485,60
1956001	-80,00	-1.060,80	-1.333,53	0,00	-1.333,53
1956001	-960,00	-12.729,60	-16.002,36	0,00	-16.002,36
1956001	-1.920,00	-25.459,20	-32.004,71	0,00	-32.004,71
1956001	-960,00	-12.729,60	-16.002,36	0,00	-16.002,36
1956001	-2.880,00	-38.188,80	-48.007,07	0,00	-48.007,07
1956001	-2.880,00	-38.188,80	-48.007,07	0,00	-48.007,07
1956001	-960,00	-12.729,60	-17.056,56	0,00	-17.056,56
1956001	-60,00	-795,60	-1.066,03	0,00	-1.066,03
1956001	-20,00	-265,20	-355,34	0,00	-355,34
1956001	-200,00	-2.652,00	-3.553,45	0,00	-3.553,45
1956001	-40,00	-530,40	-710,69	0,00	-710,69
1956001	-1.920,00	-25.459,20	-34.113,12	0,00	-34.113,12
1956001	-20,00	-265,20	-355,34	0,00	-355,34
1956001	-100,00	-1.326,00	-1.776,72	0,00	-1.776,72
1956001	-100,00	-1.326,00	-1.776,72	0,00	-1.776,72
1956001	-480,00	-6.364,80	-8.528,28	0,00	-8.528,28
1956001	-960,00	-12.729,60	-17.056,56	0,00	-17.056,56
1956001	CARLSBERG HOF 33CL                    #	-148.350,00	-1.967.121,00	-2.144.002,91	176.881,91
Lagersted	060215	-148.350,00	-1.967.121,00	-2.144.002,91	176.881,91
 
 
 
I alt	-148.350,00	-1.967.121,00	-2.144.002,91	176.881,91
